8.538206613116585686e-01
1.333991724823647473e+00
1.727578296197066265e+00
1.880743068008484897e+00
1.970941421163900031e+00
2.263044776152810300e+00
2.286416515180974329e+00
2.440361996116450882e+00
2.572267553239328208e+00
2.656301663860688222e+00
2.874513577913489826e+00
2.701926318072878530e+00
2.694591607887389273e+00
2.798857208877393532e+00
2.912847594238201054e+00
2.951887087156990219e+00
2.830862921503864982e+00
2.805785570670025209e+00
2.795284614206991591e+00
2.878424008542879164e+00
2.918935038587619601e+00
2.972526791160817083e+00
2.992711548969964497e+00
3.152357684624291778e+00
3.265442185864344538e+00
3.188478054334723311e+00
3.177990438149038255e+00
3.248521757221453754e+00
3.074000049986693739e+00
3.045851779101951706e+00
3.213817890509346853e+00
3.302460245309475795e+00
3.267020683113457835e+00
3.411827845560594596e+00
3.372633183805362478e+00
3.318936879983027666e+00
3.226888946866267815e+00
3.319098538443256530e+00
3.408336363974569849e+00
3.458410394645170527e+00
3.447243796910015590e+00
3.422876907121064960e+00
3.438590036938762751e+00
3.444688095935816818e+00
3.586373652561178460e+00
3.412545531085868333e+00
3.342735021846635846e+00
3.311693697751252330e+00
3.379352502682820614e+00
3.281825046697861126e+00
3.366091974626272076e+00
3.416988747593620701e+00
3.426097324476984340e+00
3.466866287652464962e+00
3.404745204830646799e+00
3.400373878205812161e+00
3.458715207993407148e+00
3.576195587982567758e+00
3.714373231831757494e+00
3.596620064200408251e+00
3.639918366613244416e+00
3.557009501854849987e+00
3.605424448562644102e+00
3.487845320194651322e+00
3.569358949009085791e+00
3.626200347583733219e+00
3.627613059652958327e+00
3.669157909095190462e+00
3.548858054970935427e+00
3.544864468374726130e+00
3.620152232337318310e+00
3.736016981120485525e+00
3.743343423669273307e+00
3.595541907510096280e+00
3.559940054844616952e+00
3.663992216627434573e+00
3.607367670077678667e+00
3.511420132794341953e+00
3.655568456227740626e+00
3.692414553291769153e+00
3.713483669942377219e+00
3.759082109336929989e+00
3.806290687969124065e+00
3.766820062002011582e+00
3.735013442300328279e+00
3.791851680875481634e+00
3.734436545292055598e+00
3.766214746410810221e+00
3.845816787552735150e+00
3.808948628443829421e+00
3.853294542111825649e+00
3.869016473991678140e+00
3.808273816628116037e+00
3.797098526881313774e+00
3.707559134763982911e+00
3.870249658549482774e+00
3.988486231695503648e+00
3.964995005065873102e+00
3.972601844925407022e+00
3.913905223790777654e+00
3.901423232476361136e+00
3.839612951633341709e+00
3.862751370351759306e+00
3.910322505351302880e+00
3.890951915725906929e+00
3.831402352864984096e+00
3.883463553338458496e+00
3.918530657605970191e+00
3.931079090325908965e+00
4.124049320255551265e+00
4.002009029716305122e+00
4.026146096353784287e+00
3.896230001127094056e+00
3.933980042479561234e+00
3.942618619152312931e+00
3.959929265806977128e+00
4.062022916394994354e+00
4.119773393582420340e+00
4.036502256344817852e+00
3.942018281036780536e+00
3.989628169223237819e+00
4.116184406921036043e+00
4.034403296222649260e+00
4.066042401821334806e+00
4.084814596932915265e+00
4.077520065282328687e+00
4.171284980160123723e+00
4.157376600017698820e+00
4.186860197766577585e+00
4.051707431463057674e+00
4.121547053883887202e+00
4.306396132774068519e+00
4.235903088983036469e+00
3.988851911162555552e+00
4.083981264617420948e+00
4.119590969427690652e+00
4.154768211445059478e+00
4.161638232675272775e+00
4.097609751926540866e+00
4.155668501373554591e+00
4.136989729337187782e+00
4.030514747210020232e+00
4.111098276590951173e+00
4.148904205072426521e+00
4.201572812505844468e+00
4.212568644725763534e+00
4.242059621655187129e+00
4.406336259372608311e+00
4.335879976755109055e+00
4.267643408507126424e+00
